3
36
(1.0, 1.0)
(2, 2.0)
(3, 3)
(4.0, 4)
(100.0, 100.0)
(200, 200.0)
(300.0, 300.0)
(400.0, 400.0)
(500.0, 500)
(1.0, 1.0)
(2, 2.0)
(3, 3)
(4.0, 4)
(100.0, 100.0)
(200, 200.0)
(300.0, 300.0)
(400.0, 400.0)
(500.0, 500)
(1.0, 1.0)
(2, 2.0)
(3, 3)
(4.0, 4)
(100.0, 100.0)
(200, 200.0)
(300.0, 300.0)
(400.0, 400.0)
(500.0, 500)
(1.0, 1.0)
(2, 2.0)
(3, 3)
(4.0, 4)
(100.0, 100.0)
(200, 200.0)
(300.0, 300.0)
(400.0, 400.0)
(500.0, 500)
5
(1.0, 1.0)
(1.0, 1.1)
(1.1, 1.0)
(1.05, 1.05)
(2.0, 2.0)
5
(100.0, 100.0)
(200, 200.0)
(300.0, 300.0)
(400.0, 400.0)
(500.0, 500)